0
2
0
0
0
11
15
13
18
17
16
16
11
6
4
4
3
6
7
8
13
15
15
13
16
14
4
0
19
9
24
70
133
110
137
203
406
292
355
540
259
186
143
152
168
158
168
221
241
375
463
274
224
175
165
213
205
174
167
223
244
342
243
335
225
171
173
162
186
157
141
151
170
184
190
234
223
287
282
205
217
183
187
189
150
154
141
144
151
148
147
283
170
162
165
171
170
160
159
193
183
164
160
191
187
141
262
203
213
167
152
151
169
150
143
159
163
147
145
148
157
171
174
166
199
198
193
189
192
181
206
162
186
172
180
211
198
177
164
179
178
173
169
156
163
181
200
205
171
169
165
168
168
162
176
175
175
175
180
151
163
181
176
171
193
208
218
272
264
211
188
179
184
188
203
204
199
202
222
232
260
239
231
255
243
238
238
236
230
227
231
221
245
248
200
251
261
242
238
242
228
237
233
222
228
236
225
254
217
243
297
367
382
346
277
250
225
230
233
227
230
233
231
230
234
231
224
259
291
343
511
325
267
241
228
232
228
234
222
225
235
234
233
242
258
383
370
415
307
253
231
290
273
239
236
235
224
230
218
224
209
227
290
315
246
282
257
255
220
222
221
218
212
219
235
229
221
223
229
271
306
309
327
285
281
226
228
244
215
225
235
239
219
207
206
211
204
232
243
197
250
383
299
204
245
226
228
226
226
225
229
223
225
220
217
234
210
238
245
203
208
212
220
217
214
220
229
221
208
213
205
228
254
228
258
273
250
292
226
216
219
242
220
211
214
214
223
211
241
239
217
247
266
263
306
261
243
211
225
229
234
241
205
202
227
227
248
238
240
374
327
388
299
262
268
214
235
231
241
222
222
243
252
222
211
222
265
254
251
230
219
215
231
234
233
232
233
241
230
227
219
281
222
229
228
226
222
191
184
219
171
163
133
122
132
124
139
122
139
145
143
151
151
139
147
141
152
154
143
125
127
140
140
139
141
133
134
140
147
139
139
135
139
135
127
131
115
157
163
127
154
157
312
345
345
207
195
137
132
149
135
89
136
188
291
287
313
190
204
219
214
242
227
214
231
239
211
184
219
182
266
383
361
290
222
215
249
229
211
217
227
216
251
239
315
323
261
202
206
189
205
226
222
215
200
193
211
221
334
402
269
251
219
217
211
206
207
205
214
248
243
346
301
279
214
231
236
221
211
200
211
235
226
232
308
305
349
252
220
188
216
226
211
213
213
209
236
236
250
220
233
263
212
194
227
218
203
215
215
221
251
245
308
286
314
313
282
197
199
219
213
192
205
218
186
213
214
187
218
243
208
232
211
199
209
201
191
233
223
181
202
172
298
235
249
235
189
173
212
217
212
202
192
159
223
221
316
315
327
236
227
240
271
252
223
219
218
245
185
284
235
258
251
217
215
187
211
229
211
231
243
217
211
259
225
199
209
235
230
219
213
228
222
233
203
224
226
259
240
213
223
216
219
223
228
219
235
231
225
220
217
196
201
222
222
220
213
205
230
234
202
216
218
224
252
222
234
232
220
221
225
222
216
199
230
217
238
243
220
224
221
232
228
251
270
239
248
202
214
211
215
211
228
202
195
226
226
267
290
255
214
235
214
211
220
222
221
218
230
279
253
242
251
261
239
235
216
231
227
220
203
198
209
222
214
229
200
231
219
221
220
207
221
237
217
227
212
218
242
229
211
212
228
220
223
216
228
259
223
234
232
222
222
220
223
221
219
224
209
223
185
283
278
295
259
251
233
239
236
229
193
227
246
228
221
206
267
218
219
220
203
223
222
222
204
215
198
287
274
236
255
227
225
228
207
229
215
213
219
197
192
186
189
190
190
193
195
196
191
196
194
195
193
192
173
176
165
166
163
155
157
156
163
185
209
192
227
184
243
224
181
171
168
171
173
210
181
151
233
220
185
155
156
156
166
182
194
220
250
238
224
255
228
281
254
231
219
230
237
239
239
274
252
252
337
270
247
245
241
234
242
234
236
235
229
245
221
220
225
239
225
239
235
223
221
237
227
215
222
229
260
269
325
287
254
235
235
227
224
227
223
225
247
422
313
331
251
248
221
217
229
225
239
240
253
333
254
219
243
239
238
225
235
242
223
221
222
223
219
220
282
283
252
224
203
218
215
226
231
228
228
246
232
235
221
226
236
210
220
215
216
212
223
221
230
214
212
224
223
226
221
219
255
223
267
291
264
293
243
235
228
220
202
222
222
216
222
235
203
253
240
272
244
258
200
245
227
216
219
213
260
245
315
324
275
251
232
227
223
235
223
238
242
235
259
245
246
228
224
223
230
228
227
224
222
227
236
249
234
219
225
226
220
226
227
241
238
231
219
223
239
227
233
239
225
224
231
217
239
260
227
241
240
213
218
226
227
238
233
220
227
221
235
265
293
263
210
229
212
235
235
243
229
224
228
235
246
237
239
260
234
253
262
259
231
247
289
340
314
271
252
250
253
252
258
251
247
251
259
252
236
268
261
268
248
236
251
269
263
244
249
241
246
276
279
244
220
294
303
268
261
236
238
250
244
265
292
255
231
259
238
251
240
284
261
244
243
246
242
255
235
250
195
229
242
240
238
239
232
239
230
261
239
267
301
258
254
235
233
243
243
250
246
236
216
250
264
243
304
309
255
247
253
242
231
239
241
242
242
227
231
249
227
224
228
233
240
246
246
252
317
314
283
266
251
227
246
244
240
253
252
238
236
275
229
252
266
248
243
246
250
241
252
235
292
287
297
271
247
251
248
246
236
241
242
237
238
235
264
262
246
253
245
242
251
243
227
226
223
242
244
238
247
243
228
226
246
243
237
268
235
219
234
233
197
233
232
225
228
252
236
208
272
229
227
235
227
236
228
221
232
243
223
245
243
235
225
265
262
203
227
243
235
238
228
227
233
272
245
287
295
227
224
246
247
249
261
231
242
216
242
279
225
224
203
220
243
227
232
228
235
238
245
226
221
222
248
249
237
258
299
261
254
250
239
248
244
252
239
232
220
227
294
222
308
267
262
251
237
242
238
251
247
242
244
258
255
275
241
239
243
250
253
248
234
249
234
229
255
244
235
234
234
242
242
236
245
248
243
248
240
231
237
241
243
235
242
225
227
230
231
217
210
201
200
194
187
183
176
182
194
196
197
190
187
170
170
223
243
277
193
175
170
163
164
158
162
