255
254
258
261
252
237
229
230
227
231
238
243
245
244
241
239
231
240
246
246
240
229
229
249
255
261
296
251
213
199
199
195
182
194
239
254
263
292
283
187
140
111
106
105
142
197
202
239
337
416
269
138
110
134
148
154
160
192
233
227
221
246
230
179
170
178
188
202
229
273
299
326
307
248
246
306
297
311
327
321
354
460
462
482
508
525
449
344
286
285
270
292
344
350
357
310
293
291
290
286
255
266
246
239
244
267
261
243
249
262
255
272
302
373
387
368
310
236
212
273
275
262
281
355
520
534
495
431
307
222
187
179
247
258
255
298
340
486
522
423
336
255
232
239
234
244
269
307
322
329
370
335
337
269
209
201
203
220
255
307
377
511
495
428
335
215
179
182
227
249
233
251
321
449
530
542
409
272
185
177
199
235
226
260
378
486
548
524
423
288
185
147
144
141
159
204
307
383
372
360
309
249
180
156
175
193
190
215
274
379
440
399
347
274
195
171
167
176
175
221
319
402
402
383
375
281
193
155
151
171
179
216
319
401
435
430
346
233
171
147
141
159
179
242
292
383
421
379
310
204
162
164
176
182
204
265
351
406
394
341
271
173
146
146
155
173
198
231
258
275
316
295
251
197
199
220
243
224
175
152
143
122
113
125
169
189
200
194
176
135
132
146
124
155
210
215
211
239
214
166
133
121
118
91
76
95
123
175
231
271
223
132
77
80
83
78
107
123
153
171
163
157
143
112
91
96
90
83
106
149
200
243
271
222
179
146
135
118
107
97
101
123
160
163
168
148
127
99
98
120
99
101
127
157
174
186
176
154
118
107
94
103
108
119
131
144
188
195
195
184
164
144
143
145
150
153
175
212
240
227
186
193
259
313
338
337
360
382
349
304
272
264
287
342
380
381
388
371
318
267
235
239
267
331
376
415
414
427
394
314
264
248
252
283
324
352
364
383
396
381
357
323
283
262
266
277
302
322
360
379
392
383
351
295
275
265
271
288
312
350
374
391
391
360
302
251
241
244
243
266
323
373
393
389
371
317
267
246
243
259
288
327
366
382
382
372
353
296
259
254
249
282
337
365
388
391
380
320
272
247
248
271
309
346
368
383
399
391
347
285
251
249
249
272
312
333
396
414
423
394
328
273
249
245
259
286
319
363
393
406
408
375
325
272
265
263
267
283
311
356
393
415
417
379
315
258
254
254
266
280
314
339
371
387
382
339
288
255
255
258
267
282
312
366
382
383
375
323
267
254
247
243
263
286
328
367
393
392
355
297
270
262
255
259
281
322
378
394
403
393
339
286
261
251
242
250
287
324
370
375
389
368
315
286
265
254
247
255
285
323
367
377
353
303
263
254
254
250
254
288
327
358
374
371
347
287
249
241
230
230
253
291
307
326
351
373
378
308
254
243
245
243
253
287
309
339
355
370
367
307
271
267
260
250
254
270
310
353
361
370
341
296
262
264
266
264
234
225
228
263
315
365
363
353
346
313
271
251
232
229
254
301
354
376
364
367
345
289
251
221
215
227
263
305
338
357
355
342
304
264
236
219
220
237
279
312
354
353
347
331
283
234
207
210
208
235
270
311
341
339
344
320
285
257
227
217
216
230
259
283
321
333
339
316
268
239
230
226
233
242
279
321
352
363
369
327
277
255
246
244
227
235
260
299
351
359
348
323
287
258
229
214
205
214
261
307
337
333
335
315
274
246
233
217
204
211
253
309
355
347
352
335
296
255
229
220
223
233
266
299
333
347
349
327
283
247
228
221
219
233
255
299
332
335
336
327
290
250
224
213
210
216
235
283
331
343
357
342
307
266
243
240
239
251
281
312
344
353
352
325
271
242
225
219
220
237
283
331
346
348
335
287
246
227
219
206
212
243
299
330
338
333
303
264
235
216
211
207
229
259
291
327
339
336
309
255
227
211
207
217
236
268
309
336
340
332
286
243
227
219
219
223
243
283
329
354
349
343
298
238
209
203
202
219
259
305
359
362
359
358
300
246
223
214
230
267
316
374
388
403
409
369
289
216
200
232
245
252
279
334
352
363
341
268
225
226
236
237
243
274
334
371
383
362
313
272
249
231
227
230
254
300
338
352
363
337
293
262
228
215
216
239
267
312
335
340
356
332
291
250
227
232
235
249
283
327
352
359
362
331
281
245
231
219
212
227
270
335
349
357
347
315
246
226
212
207
224
255
292
337
343
353
346
289
248
227
213
211
235
264
297
321
321
330
308
253
211
196
195
213
242
275
312
340
354
349
308
260
232
232
231
249
273
311
341
352
367
347
299
257
235
224
222
243
275
315
355
355
348
308
273
230
216
210
218
237
270
324
344
352
347
305
270
237
216
207
224
267
315
367
387
407
424
398
369
335
341
339
