418
413
411
414
415
416
418
428
419
417
413
412
404
411
411
406
408
406
408
411
413
405
405
405
406
407
417
414
415
416
413
413
407
412
403
411
403
405
408
410
411
411
407
403
405
404
405
411
411
410
408
407
407
408
405
410
412
411
408
410
411
409
410
403
400
401
404
400
402
402
403
400
393
391
399
397
400
402
401
394
392
397
399
390
393
395
399
403
395
393
391
398
400
401
400
393
402
400
399
392
391
396
400
398
405
403
403
399
400
402
403
405
409
407
405
401
403
403
400
401
399
395
399
405
405
406
407
403
400
403
406
403
408
404
411
403
404
404
404
412
408
405
407
400
405
403
408
411
411
407
405
399
401
403
403
399
405
398
400
402
398
395
398
398
402
400
403
401
406
407
405
407
402
394
401
405
402
400
404
395
400
406
399
400
399
399
397
398
403
404
399
400
398
400
400
404
399
407
409
407
406
398
399
394
392
395
399
388
391
383
390
390
395
394
395
400
403
400
395
400
399
400
401
397
396
399
394
388
392
387
388
391
395
396
397
395
395
395
383
392
392
392
394
389
392
383
390
392
392
371
356
360
357
355
364
367
364
357
351
351
354
354
354
360
362
352
351
352
348
354
356
356
353
352
344
341
339
355
363
358
357
352
353
347
347
350
361
361
355
352
347
339
339
331
326
321
313
314
318
332
339
354
359
364
360
355
357
354
361
374
378
383
376
378
380
375
374
383
379
382
383
383
370
376
373
381
380
370
371
368
374
366
368
375
375
375
364
363
363
364
368
368
365
362
361
356
361
360
367
357
363
360
351
355
352
358
355
351
354
349
357
355
351
347
341
348
348
344
353
355
354
357
354
351
357
374
356
360
352
360
357
348
355
357
351
359
352
355
357
351
343
343
347
347
349
348
346
346
345
347
356
356
353
353
349
352
351
350
347
348
351
351
350
354
357
355
358
357
354
355
357
353
343
346
352
349
354
349
344
347
341
349
353
347
351
347
352
349
348
351
346
352
353
352
353
355
363
360
358
358
359
355
358
364
357
358
367
363
357
362
360
359
360
360
364
362
363
361
359
359
359
355
355
355
350
353
355
349
355
355
360
360
363
363
359
357
352
356
355
361
358
357
354
354
355
361
359
368
363
356
358
355
355
361
363
357
355
358
355
357
356
364
364
360
359
367
355
347
346
357
370
365
348
348
350
351
355
348
356
361
361
354
355
356
356
357
363
356
351
351
360
363
369
375
377
373
374
367
364
356
363
360
368
359
344
329
343
344
345
343
351
347
344
342
342
344
341
338
339
345
344
339
344
348
349
347
351
352
349
343
346
339
344
343
341
346
346
348
345
347
344
348
347
346
346
344
347
352
350
343
345
348
344
354
347
347
345
347
351
349
347
350
350
345
341
347
350
344
349
367
347
348
347
347
345
344
353
351
351
354
350
347
347
345
350
348
351
354
352
351
350
351
349
354
350
348
351
352
351
346
339
332
330
327
328
320
315
309
308
309
309
306
309
317
316
305
293
287
278
272
266
264
266
264
266
260
259
