116
120
113
107
111
111
116
118
118
123
122
116
114
115
119
123
141
150
162
163
167
167
174
180
184
194
186
198
207
203
220
258
260
247
242
232
243
225
198
203
215
221
214
205
244
251
236
259
258
220
210
202
192
246
251
213
222
264
192
203
279
249
232
217
227
238
194
211
202
224
198
189
189
203
220
248
235
241
231
238
255
231
218
197
200
201
210
203
197
193
195
208
230
241
241
239
249
251
240
226
203
196
207
300
235
216
210
213
247
235
235
255
213
215
219
236
247
245
225
208
187
187
182
163
180
178
209
268
243
239
233
224
188
209
241
239
237
211
224
188
165
159
152
140
227
193
205
231
238
211
183
171
179
165
190
196
189
178
168
155
165
148
142
155
180
168
195
187
199
183
189
186
187
178
173
163
152
153
151
147
163
183
174
174
175
173
168
175
188
187
175
154
141
139
141
127
127
137
152
160
158
155
161
154
168
159
153
143
136
134
125
146
155
121
167
180
177
198
166
156
181
181
195
186
175
169
158
150
143
133
143
158
164
162
179
179
159
163
172
174
172
165
153
156
146
127
122
142
157
152
171
165
175
165
159
183
173
174
162
158
150
146
124
159
155
139
141
156
158
169
144
133
149
145
140
152
144
140
136
136
135
140
119
114
138
143
163
178
161
160
145
163
165
163
150
151
159
156
143
147
137
136
126
137
147
149
159
166
150
131
138
120
121
120
105
118
125
134
142
136
145
120
125
121
117
131
140
137
127
120
126
116
111
115
122
117
118
140
155
153
158
157
163
164
152
133
123
120
121
124
116
115
112
121
131
137
151
143
147
116
133
139
150
155
148
136
124
120
110
107
97
103
104
114
152
143
142
135
126
139
147
141
147
140
135
130
131
133
141
138
134
131
131
124
123
118
117
111
112
103
101
124
154
153
155
148
160
165
156
147
141
133
127
116
115
118
131
142
162
183
158
142
146
147
145
147
131
150
160
163
138
123
123
145
114
137
134
118
176
187
179
194
153
147
169
162
169
175
166
167
163
148
142
213
159
184
188
198
184
178
171
148
139
155
179
164
160
159
158
153
139
127
114
105
107
137
142
150
148
141
149
160
157
163
178
164
160
152
127
132
133
113
131
133
156
149
155
154
161
156
154
149
147
131
132
135
123
127
120
112
114
139
135
137
141
145
136
123
115
123
126
127
139
131
127
118
123
123
147
137
141
150
160
150
126
116
115
119
125
127
122
113
108
124
123
123
137
120
125
143
131
127
115
112
108
116
119
115
108
122
115
109
111
123
125
139
138
134
133
117
108
100
108
111
101
113
98
121
107
124
133
145
148
137
147
154
139
132
124
121
116
118
107
119
144
136
139
131
124
144
134
145
151
151
144
138
131
126
131
133
119
115
113
123
126
127
138
139
139
136
136
149
139
133
115
117
117
111
108
120
105
115
107
141
126
132
144
153
138
147
147
157
150
139
134
137
133
138
117
119
107
107
111
130
130
127
125
127
138
119
113
106
117
119
115
110
115
107
101
117
132
139
123
123
126
125
119
111
108
111
123
131
109
109
118
107
110
115
134
123
134
118
120
121
115
101
104
112
115
120
111
127
127
139
142
147
135
139
135
135
116
113
116
119
110
107
120
125
134
121
127
127
133
140
134
131
114
113
117
119
105
106
98
96
112
117
144
131
123
140
143
126
118
115
122
112
112
108
110
107
113
116
146
131
139
141
143
147
140
127
126
126
122
127
119
112
111
111
109
121
126
139
148
138
137
139
125
118
112
109
115
119
126
119
111
123
115
106
116
124
160
139
148
144
137
130
117
107
127
123
113
113
111
111
111
123
127
118
134
142
140
141
152
131
139
132
116
131
138
124
155
117
110
127
107
142
147
136
143
126
111
103
111
115
112
114
112
106
105
112
123
132
135
121
119
127
113
114
111
110
104
120
127
131
123
104
100
117
126
127
131
134
145
134
143
140
124
121
131
130
125
127
139
140
131
141
135
144
132
131
140
140
138
135
134
122
132
144
135
137
158
125
135
121
112
149
132
148
137
145
130
121
120
122
133
131
127
127
127
130
115
115
114
109
117
127
133
134
132
130
130
122
119
122
122
125
115
123
127
116
107
135
133
135
138
144
145
149
140
140
133
122
117
125
125
135
127
127
122
115
134
126
134
137
133
133
123
117
111
123
125
132
124
119
126
121
124
123
111
110
98
102
105
107
123
134
139
133
123
133
140
139
123
122
134
117
116
139
124
141
156
152
133
132
124
127
131
124
117
124
119
125
127
147
168
174
160
152
140
121
122
124
107
115
119
102
96
112
116
104
121
120
143
147
136
118
124
123
124
115
131
126
125
124
116
112
111
113
115
111
106
115
116
127
125
122
119
116
114
116
117
124
122
122
116
105
91
103
121
121
127
126
132
132
141
131
118
115
119
133
140
148
123
105
116
113
107
98
108
109
107
106
100
103
89
98
115
127
131
135
151
133
163
146
142
149
153
150
149
140
122
125
113
143
127
115
135
114
121
144
124
131
127
147
143
141
138
123
134
126
121
120
127
159
139
122
131
134
138
145
139
137
127
121
123
115
120
127
127
123
134
110
95
99
115
120
116
115
111
117
117
112
104
103
113
111
123
120
118
99
95
101
97
101
104
102
119
111
112
106
117
97
98
106
107
114
116
126
110
99
91
118
126
117
118
105
107
117
121
107
111
127
123
117
120
131
127
136
141
139
126
131
137
142
139
121
115
139
141
135
115
135
115
126
145
127
134
152
160
139
139
143
150
155
150
144
143
134
118
147
144
151
148
149
148
136
135
136
144
136
136
139
143
124
145
126
121
115
110
122
147
141
135
123
123
125
141
139
139
143
147
134
118
114
134
176
147
137
143
139
144
157
143
144
141
154
164
123
137
143
131
155
154
152
170
155
168
174
162
142
160
154
147
157
166
153
146
163
169
150
179
166
147
149
154
155
165
184
159
156
164
172
172
184
149
183
180
176
176
162
154
159
159
169
156
171
175
176
179
165
152
169
163
160
159
157
162
156
153
158
158
140
157
155
163
150
152
155
152
152
152
152
142
146
137
125
119
126
136
144
143
148
144
145
159
154
163
171
164
154
158
155
148
153
144
143
151
154
142
148
156
153
156
153
147
173
171
160
162
161
120
151
147
159
127
123
116
157
135
145
115
143
142
163
157
154
153
148
147
140
144
131
139
143
137
130
143
127
141
150
145
149
152
149
145
147
160
148
143
143
138
147
145
143
139
132
131
123
123
131
133
140
135
149
148
137
146
143
134
127
127
119
120
132
108
120
134
113
160
168
152
144
147
156
143
131
131
130
136
139
135
118
132
139
146
159
157
155
146
139
142
144
167
159
153
152
146
149
140
184
148
148
138
150
154
142
155
154
155
156
152
162
153
146
143
148
151
152
145
172
155
139
139
153
157
153
167
159
144
156
159
155
141
135
135
149
168
160
163
158
146
156
165
153
175
152
147
155
170
148
146
151
154
155
146
122
133
123
140
149
146
136
136
148
154
159
147
145
147
132
138
125
145
153
156
141
115
117
148
149
138
136
134
169
150
147
153
143
125
141
137
131
140
150
153
143
140
124
153
147
155
140
155
152
156
153
151
142
151
144
154
154
146
145
143
143
146
148
152
152
154
143
141
124
133
136
131
134
141
147
164
147
126
137
151
160
147
131
142
159
169
145
134
131
135
146
140
135
136
152
139
144
151
151
148
163
163
146
154
147
149
139
131
123
134
142
137
146
150
159
179
152
161
145
131
127
138
140
134
130
124
143
147
140
145
153
150
131
153
138
123
139
144
142
134
155
144
143
123
127
140
144
138
147
125
136
151
144
134
143
142
153
144
136
139
140
150
146
147
155
143
149
153
155
143
162
151
147
141
148
146
139
143
140
138
138
139
144
138
143
157
149
147
157
147
150
169
142
141
147
163
163
156
156
155
145
126
106
122
98
99
81
89
88
119
116
107
106
103
101
112
107
110
115
114
102
100
91
93
94
99
114
118
111
100
106
105
107
101
111
111
110
120
109
100
93
114
143
118
131
121
139
115
104
115
112
118
132
121
123
112
111
97
115
112
97
99
108
108
107
107
109
106
124
127
121
136
131
131
121
133
133
143
123
127
121
132
117
127
108
112
123
111
116
103
108
121
113
114
132
115
106
111
110
115
114
117
123
132
132
114
118
124
116
118
132
124
134
131
148
126
116
127
116
124
127
132
123
115
118
123
122
121
113
112
111
125
116
119
116
120
116
121
121
115
118
120
126
111
113
116
119
123
115
109
115
112
116
110
115
117
117
119
123
113
117
102
103
105
96
104
110
98
98
107
112
106
113
115
110
112
108
114
101
101
106
116
134
119
107
99
100
98
97
97
99
102
104
108
109
96
108
94
96
107
114
99
95
101
96
106
104
96
93
104
112
120
123
117
93
98
98
112
119
110
86
94
91
92
102
94
92
98
95
94
102
114
107
99
90
88
85
91
78
92
91
93
89
82
77
77
77
77
79
81
75
77
76
79
77
79
79
83
77
80
79
79
82
87
83
82
71
59
59
58
56
59
72
86
96
94
89
83
90
