215
228
235
236
241
230
239
240
237
235
226
228
236
238
243
234
238
241
234
227
248
278
284
276
271
269
282
282
271
274
275
282
287
296
283
274
273
278
280
259
261
264
264
286
287
275
267
270
268
275
267
263
266
268
270
269
268
272
259
274
269
271
275
269
273
283
275
263
266
271
269
271
268
263
271
273
273
264
275
276
280
282
279
254
197
181
185
198
195
189
191
195
196
197
196
195
197
198
198
196
201
201
215
222
212
210
215
221
223
221
220
216
220
227
219
210
219
211
217
208
213
194
198
201
199
203
197
191
205
199
201
194
194
183
192
194
187
186
190
193
188
187
184
187
194
188
185
187
188
193
189
188
180
187
190
194
190
187
187
191
195
191
184
178
191
195
187
184
187
188
190
188
186
185
187
194
187
186
183
185
191
187
184
187
187
191
190
184
180
186
197
187
188
187
187
191
194
187
186
180
185
190
187
185
179
185
191
186
185
190
187
189
183
183
179
180
186
182
183
179
175
183
185
177
175
176
178
183
182
179
173
178
186
182
178
178
179
190
180
179
175
179
183
183
179
176
186
186
179
175
172
174
184
179
174
177
176
172
182
186
180
180
180
179
186
174
179
172
175
180
180
174
171
173
171
175
172
172
171
172
180
175
169
172
169
180
179
178
178
185
180
182
179
176
179
182
176
180
173
176
180
179
171
167
177
188
187
191
194
195
193
190
187
186
191
189
188
195
194
191
187
192
188
190
188
186
188
195
190
189
188
190
197
200
195
196
190
191
194
193
195
188
189
195
193
191
192
194
199
194
189
189
186
191
192
192
189
188
188
201
193
187
187
188
189
192
186
187
185
187
189
187
185
185
188
191
188
186
197
190
188
187
194
204
190
173
182
198
199
199
202
199
192
181
185
195
201
213
203
206
207
209
204
205
203
203
207
207
202
200
198
202
202
204
204
201
213
205
209
205
200
201
201
207
199
199
201
203
203
203
203
202
203
206
198
204
202
199
199
203
201
203
199
203
206
204
201
198
200
203
200
198
196
200
204
204
204
202
214
219
226
229
227
229
232
222
225
223
228
235
230
242
252
237
244
239
232
235
244
239
236
233
231
236
249
242
242
243
247
243
238
246
238
235
236
234
233
238
234
241
234
242
232
235
234
243
250
242
243
251
268
252
243
242
239
238
239
242
245
241
238
235
240
238
236
238
241
243
240
243
245
260
253
246
241
239
241
251
242
243
237
245
249
238
241
238
237
244
241
238
237
238
242
235
235
236
235
247
239
242
245
236
243
239
235
236
236
246
244
248
247
238
240
245
245
231
231
234
239
238
234
231
232
235
237
247
234
232
236
239
232
233
233
242
240
235
230
231
239
245
238
243
243
239
269
259
253
241
255
255
245
241
243
236
233
230
219
209
205
213
236
259
274
284
267
267
271
267
273
270
271
274
282
289
289
283
291
291
299
294
298
296
290
291
286
290
292
285
293
298
293
290
284
281
281
284
286
286
289
285
286
280
286
288
288
293
290
290
297
294
287
288
296
290
289
287
287
291
295
282
283
284
289
291
289
289
291
294
298
296
288
290
295
299
295
289
292
301
288
297
304
300
294
302
299
294
291
295
297
301
299
293
292
295
304
296
298
291
294
302
304
300
295
296
299
303
301
295
301
311
304
303
305
303
307
315
304
298
294
304
298
300
304
299
299
302
298
303
301
301
299
299
300
293
295
290
292
302
297
307
309
307
304
307
309
306
303
310
302
310
307
305
303
301
299
304
296
299
303
310
307
298
298
304
307
301
299
308
303
306
305
303
292
299
302
306
300
295
299
300
307
296
298
300
301
296
299
293
297
299
305
292
291
294
298
299
291
294
291
294
295
298
293
300
304
300
303
304
296
294
290
299
298
297
295
293
303
304
299
297
295
310
313
301
300
298
298
298
300
292
295
297
305
301
298
298
302
303
309
308
302
295
298
306
299
298
297
296
291
300
297
293
291
300
300
298
295
296
297
299
299
301
294
295
296
297
298
292
296
295
306
295
293
291
292
292
289
294
290
287
299
294
295
291
295
295
296
293
291
298
303
302
297
297
294
300
305
298
296
300
297
301
302
303
302
298
298
296
295
299
299
299
297
297
297
307
325
314
313
328
283
277
320
320
299
291
299
298
297
298
299
307
307
299
310
305
304
305
299
301
302
304
311
309
296
295
303
307
293
291
292
295
302
298
295
293
302
300
301
299
297
297
305
313
300
296
297
304
308
304
301
301
299
301
304
295
292
293
291
299
293
292
292
296
296
292
296
294
296
300
299
301
291
297
308
305
297
299
299
298
301
298
305
290
295
290
299
284
290
291
294
290
289
291
291
291
291
287
287
295
307
304
296
294
293
303
307
303
294
299
301
303
298
299
294
299
295
299
295
303
307
314
310
314
311
306
310
311
315
314
316
316
315
307
306
295
309
311
320
321
320
323
323
318
307
309
314
316
312
310
319
313
319
320
312
311
317
314
319
314
314
311
316
315
310
308
310
310
310
323
331
319
313
321
319
312
311
306
315
315
308
306
310
311
314
311
319
314
311
312
316
309
311
308
310
317
315
310
310
311
315
316
330
323
319
320
322
315
312
314
309
313
319
323
315
307
319
321
315
319
317
317
317
323
324
319
313
310
319
319
320
318
341
339
339
321
333
340
362
338
323
316
315
312
351
322
315
315
309
331
337
311
315
325
327
341
323
314
315
314
319
312
310
335
353
355
352
320
322
336
328
320
314
313
317
322
318
313
312
319
323
311
312
314
329
324
321
316
317
319
323
323
330
338
337
327
324
329
327
320
331
331
319
328
346
348
333
323
319
317
320
320
325
322
323
324
333
331
321
320
325
323
315
315
319
317
316
320
321
326
322
314
328
325
318
316
316
320
322
315
318
315
315
317
318
322
321
325
328
323
326
319
323
323
322
323
323
322
330
321
331
327
327
320
337
332
323
325
324
330
324
326
327
327
328
323
325
331
328
328
316
314
321
320
328
319
320
326
326
320
318
319
327
330
334
323
332
329
323
319
326
320
318
322
331
335
343
347
329
327
332
321
321
327
334
327
328
318
323
335
333
327
325
326
344
338
329
329
341
330
328
325
321
317
327
330
315
316
315
315
322
326
320
319
318
319
325
315
321
320
319
319
324
318
316
308
332
330
320
324
327
322
327
318
321
323
325
325
325
326
323
323
334
324
317
323
325
326
324
322
324
325
324
330
323
324
321
328
340
336
326
328
331
338
331
332
327
332
328
333
323
330
320
323
336
328
325
332
342
344
337
330
322
317
321
333
327
318
315
337
343
334
323
330
332
319
328
319
325
312
324
327
323
324
321
318
328
329
325
331
331
328
352
331
322
323
324
332
323
333
331
330
331
324
333
336
327
325
325
326
322
316
317
323
323
325
319
322
331
340
333
327
320
322
329
320
325
319
321
331
324
317
321
322
329
320
338
333
319
322
323
321
315
315
322
320
331
324
322
326
325
328
331
317
321
321
331
328
323
331
338
335
324
316
325
339
324
323
335
333
321
320
320
315
314
315
317
327
325
317
319
313
322
315
317
314
308
317
324
315
315
312
321
320
315
309
324
334
329
317
335
328
325
325
320
319
315
322
328
321
318
319
303
317
319
319
315
324
329
331
328
315
316
323
324
314
312
321
337
333
319
311
323
319
320
312
317
317
319
322
324
316
314
319
327
320
314
316
321
327
319
323
316
319
315
322
322
322
319
326
339
337
335
331
336
335
322
319
319
337
340
327
315
319
325
331
326
319
316
324
328
323
317
318
321
328
321
319
331
328
327
335
335
317
325
339
330
320
321
323
327
319
331
317
323
325
328
337
325
321
328
331
327
321
315
327
334
323
323
327
339
328
315
323
323
342
330
329
332
329
327
331
326
323
315
319
311
316
315
310
310
309
312
314
329
307
304
291
285
281
281
286
293
298
287
295
291
289
307
320
311
321
326
347
323
304
289
291
