25
23
20
19
18
15
12
13
14
16
13
14
14
15
19
16
15
17
21
18
23
25
25
28
27
27
24
25
27
24
25
22
23
19
18
19
19
26
29
27
42
44
47
46
47
55
52
53
51
53
55
56
59
56
60
61
60
63
71
63
59
66
67
59
61
65
65
56
61
61
59
59
63
64
59
63
62
59
63
65
65
67
68
73
67
71
74
67
70
70
63
69
67
68
66
71
65
68
67
70
67
67
67
67
55
64
61
57
59
67
66
59
58
61
55
46
47
46
48
49
55
59
58
55
55
54
55
53
52
51
52
55
56
51
52
52
53
52
51
50
48
54
54
52
49
51
50
49
50
51
52
51
51
54
55
53
52
51
53
48
51
51
46
46
40
43
41
43
39
43
42
37
37
39
40
42
42
40
43
43
43
39
43
43
45
48
46
49
45
41
46
47
45
43
41
41
40
38
38
39
38
41
38
37
35
41
43
39
42
45
41
41
47
43
45
43
45
53
43
46
46
48
45
46
48
43
40
42
43
43
43
43
45
44
45
36
43
46
51
49
48
47
51
47
46
48
50
47
45
49
47
45
46
47
48
51
48
43
47
46
43
41
50
41
44
49
51
48
47
45
51
48
47
51
50
49
50
45
51
49
50
46
53
51
51
51
51
51
51
50
46
46
46
44
44
47
44
43
47
42
43
45
43
43
43
47
48
49
47
47
46
47
45
47
44
46
48
43
45
43
46
43
43
44
46
46
47
50
52
48
49
48
51
53
52
50
55
55
51
51
49
47
47
47
46
49
48
45
47
47
48
48
50
46
48
46
47
48
51
49
44
52
49
47
48
51
44
48
47
48
47
43
44
43
51
45
42
48
45
45
44
45
46
46
46
45
48
52
51
52
51
47
47
47
47
43
43
48
46
46
44
45
47
45
48
50
44
51
50
51
52
51
51
49
51
57
44
49
47
47
46
46
52
47
48
46
48
46
50
47
47
51
47
45
45
53
51
54
57
53
57
52
53
49
51
51
48
51
53
55
54
54
55
56
55
53
52
56
53
58
58
54
55
54
53
56
55
56
55
54
51
51
51
51
47
50
49
51
47
49
50
51
51
54
52
56
58
59
66
59
55
60
56
62
55
55
51
55
53
54
51
49
51
51
49
49
51
51
55
51
52
52
51
50
53
52
56
54
59
58
56
53
51
51
50
46
49
49
46
43
46
46
48
48
45
47
51
54
53
53
52
54
55
58
54
56
57
56
55
53
56
53
51
51
50
51
51
53
51
51
52
53
52
51
55
55
60
56
53
52
61
63
54
50
49
52
58
61
72
66
72
69
66
66
67
68
66
65
63
64
66
67
67
68
68
64
64
66
67
