142
143
156
153
155
167
150
147
147
155
154
144
140
134
124
171
151
131
119
116
137
127
122
116
115
141
123
123
121
118
123
112
110
113
115
118
115
111
101
111
114
118
116
114
107
107
108
100
103
102
98
111
106
109
106
127
119
123
112
119
122
114
115
119
123
124
115
99
111
123
127
124
116
110
113
123
123
131
149
153
164
173
175
204
195
187
186
178
178
183
185
186
183
187
193
184
181
183
179
187
183
179
185
179
184
188
187
186
180
174
188
183
173
175
173
165
167
170
164
169
161
155
160
162
161
166
153
156
154
155
152
159
154
152
158
160
155
146
159
161
156
180
163
157
161
157
171
161
153
160
153
179
164
153
150
154
179
167
151
161
158
159
171
161
157
156
157
154
155
155
155
163
170
159
151
153
153
152
159
153
151
147
149
157
153
155
151
162
153
150
150
155
147
148
155
147
141
147
144
150
144
145
149
148
155
151
156
157
155
162
157
155
175
164
175
167
179
173
184
195
190
191
190
196
193
195
194
186
194
192
200
195
190
195
193
193
192
188
188
199
191
193
189
200
203
187
189
189
187
194
192
187
187
187
192
193
206
196
188
187
191
180
189
184
191
188
187
193
189
191
185
188
194
187
167
179
186
192
191
213
206
191
181
190
194
192
190
191
182
187
194
190
186
183
203
191
183
179
191
187
189
180
182
179
187
186
173
175
176
191
191
189
186
183
195
187
179
178
175
198
195
185
177
185
187
183
181
199
203
185
182
179
215
187
188
187
183
180
188
187
176
183
199
187
172
179
184
210
191
195
191
188
203
195
185
184
183
189
185
187
190
201
195
190
183
184
183
175
187
187
211
200
187
169
200
187
179
174
165
168
173
172
165
179
178
175
176
172
189
174
184
179
190
183
183
184
177
179
191
189
188
183
172
187
170
165
171
170
179
187
179
179
173
179
202
179
175
168
171
194
175
179
174
170
168
176
176
186
179
179
185
179
172
174
171
170
174
179
176
174
164
179
181
171
180
185
176
172
180
179
190
183
195
179
191
184
185
172
179
184
185
180
179
178
189
196
180
175
177
179
191
185
183
175
191
179
184
181
179
191
187
179
179
188
181
181
175
179
172
183
173
174
179
179
176
178
176
180
178
184
179
192
177
165
179
178
185
184
176
179
180
180
179
185
183
171
172
181
180
177
176
177
175
171
170
185
182
176
179
174
177
178
179
187
183
183
183
194
193
194
184
178
181
177
178
182
176
188
195
180
186
179
182
180
182
183
187
184
189
180
180
175
183
168
136
134
131
131
127
132
136
142
134
138
124
125
122
125
132
134
120
120
118
136
131
137
127
125
115
112
124
120
119
114
115
115
115
119
122
133
143
155
148
146
144
131
135
139
145
154
170
169
159
150
141
135
131
139
131
122
131
138
146
205
173
166
159
160
151
163
160
158
159
151
148
144
144
139
