131
113
153
165
134
117
115
177
175
139
127
135
167
161
139
124
120
124
197
160
125
126
112
140
135
131
121
114
139
132
121
119
124
125
125
137
112
134
142
127
122
123
120
127
147
133
126
124
116
115
123
134
144
131
132
131
125
125
120
113
115
121
109
104
116
122
123
119
135
119
118
111
118
124
126
115
114
121
123
135
118
121
119
119
116
122
124
115
117
119
119
119
108
121
115
116
123
127
138
137
148
159
160
163
171
176
169
167
167
166
168
167
168
163
163
162
169
148
161
161
158
171
170
163
164
169
179
176
176
180
177
177
186
175
171
171
171
173
177
177
171
171
162
175
171
175
174
175
174
173
172
167
167
176
171
174
174
176
173
178
174
173
171
180
171
168
167
173
179
179
182
171
173
179
167
173
178
171
170
175
163
172
177
167
171
181
176
171
177
174
167
171
172
173
180
180
177
169
178
175
171
183
178
171
174
174
173
174
185
173
171
177
168
161
163
176
174
167
174
173
179
173
166
195
181
171
172
175
174
173
174
188
187
174
180
173
180
201
186
187
179
177
174
171
184
179
170
169
172
170
170
181
202
181
176
179
176
172
183
173
175
180
180
178
173
177
181
178
186
178
172
168
172
175
169
172
175
178
175
175
175
177
175
179
175
177
173
174
180
176
182
180
179
175
173
175
174
175
177
185
169
168
178
172
176
179
171
172
170
195
182
170
170
171
177
179
164
168
171
172
170
175
175
172
173
181
177
178
174
169
171
172
173
170
167
168
187
174
164
163
169
173
176
175
168
168
165
160
165
183
175
171
162
159
163
148
166
155
157
164
159
160
168
166
164
163
156
155
157
163
164
167
161
166
171
169
163
160
163
164
161
160
169
166
166
163
174
170
149
159
152
158
162
152
155
163
162
157
171
167
169
167
163
165
169
170
168
170
163
160
168
161
169
173
163
163
162
162
148
158
160
158
159
160
164
161
151
160
167
163
155
166
177
159
172
167
167
164
167
167
165
164
164
147
159
164
170
171
168
167
165
161
163
173
167
168
167
169
165
171
171
164
168
167
164
173
171
187
179
176
175
179
183
178
179
174
174
174
171
178
174
176
176
176
180
186
181
176
171
178
178
177
184
183
175
178
178
179
173
174
181
180
168
175
179
172
182
191
176
173
179
180
177
183
179
179
187
184
179
176
175
182
188
177
179
180
179
184
179
183
181
178
179
176
178
181
184
175
177
176
183
182
181
172
173
170
171
177
187
168
173
178
174
178
190
171
170
171
169
175
179
181
178
162
170
171
162
169
171
163
164
171
168
157
162
166
169
171
171
167
160
159
163
162
160
173
166
163
165
171
163
164
160
156
159
169
163
172
165
170
169
173
167
168
163
172
168
164
164
171
171
170
164
169
167
171
166
177
164
167
171
162
190
174
171
167
167
177
177
168
169
163
169
172
172
164
167
179
181
161
164
165
179
173
163
167
169
189
173
172
173
169
171
169
160
163
167
166
172
166
159
168
162
165
168
166
163
159
165
164
165
163
172
171
171
168
162
166
164
168
168
165
172
164
165
181
165
162
160
166
163
163
156
165
163
161
163
161
155
159
164
163
164
176
170
159
161
157
163
162
164
169
168
165
161
173
162
165
164
164
165
167
155
163
163
166
164
174
164
165
168
166
163
163
171
170
162
167
170
170
178
174
172
171
171
171
168
171
170
162
170
165
168
166
164
155
164
166
183
169
165
165
168
163
187
175
169
176
165
166
174
175
170
168
167
166
168
169
178
173
168
170
162
166
169
170
168
169
164
166
171
172
166
170
164
165
167
168
168
171
170
163
165
178
167
159
167
164
163
168
172
170
173
172
167
169
160
172
166
167
170
166
172
159
163
157
154
154
159
151
155
155
153
155
166
144
139
135
