215
228
235
236
241
230
239
240
237
235
226
228
236
238
243
234
238
241
234
227
248
278
284
276
271
269
282
282
271
274
275
282
287
296
283
274
273
278
280
259
261
264
264
286
287
275
267
270
268
275
267
263
266
268
270
269
268
272
259
274
269
271
275
269
273
283
275
263
266
271
269
271
268
263
271
273
273
264
275
276
280
282
279
254
197
181
185
198
195
189
191
195
196
197
196
195
197
198
198
196
201
201
215
222
212
210
215
221
223
221
220
216
220
227
219
210
219
211
217
208
213
194
198
201
199
203
197
191
205
199
201
194
194
183
192
194
187
186
190
193
188
187
184
187
194
188
185
187
188
193
189
188
180
187
190
194
190
187
187
191
195
191
184
178
191
195
187
184
187
188
190
188
186
185
187
194
187
186
183
185
191
187
184
187
187
191
190
184
180
186
197
187
188
187
187
191
194
187
186
180
185
190
187
185
179
185
191
186
185
190
187
189
183
183
179
180
186
182
183
179
175
183
185
177
175
176
178
183
182
179
173
178
186
182
178
178
179
190
180
179
175
179
183
183
179
176
186
186
179
175
172
174
184
179
174
177
176
172
182
186
180
180
180
179
186
174
179
172
175
180
180
174
171
173
171
175
172
172
171
172
180
175
169
172
169
180
179
178
178
185
180
182
179
176
179
182
176
180
173
176
180
179
171
167
177
188
187
191
194
195
193
190
187
186
191
189
188
195
194
191
187
192
188
190
188
186
188
195
190
189
188
190
197
200
195
196
190
191
194
193
195
188
189
195
193
191
192
194
199
194
189
189
186
191
192
192
189
188
188
201
193
187
187
188
189
192
186
187
185
187
189
187
185
185
188
191
188
186
197
190
188
187
194
204
190
173
182
198
199
199
202
199
192
181
185
195
201
213
203
206
207
209
204
205
203
203
207
207
202
200
198
202
202
204
204
201
213
205
209
205
200
201
201
207
199
199
201
203
203
203
203
202
203
206
198
204
202
199
199
203
201
203
199
203
206
204
201
198
200
203
200
198
196
200
204
204
204
202
214
219
226
229
227
229
232
222
225
223
228
235
230
242
252
237
244
239
232
235
244
239
236
233
231
236
249
242
242
243
247
243
238
246
238
235
236
234
233
238
234
241
234
242
232
235
234
243
250
242
243
251
268
252
243
242
239
238
239
242
245
241
238
235
240
238
236
238
241
243
240
243
245
260
253
246
241
239
241
251
242
243
237
245
249
238
241
238
237
244
241
238
237
238
242
235
235
236
235
247
239
242
245
236
243
239
235
236
236
246
244
248
247
238
240
245
245
231
231
234
239
238
234
231
232
235
237
247
234
232
236
239
232
233
233
242
240
235
230
231
239
245
238
243
243
239
269
259
253
241
255
255
245
241
243
236
233
230
219
209
205
213
236
259
274
284
267
267
271
267
273
270
271
274
282
289
289
283
291
291
299
294
298
296
290
291
286
290
292
285
293
298
293
290
284
281
281
284
286
286
289
285
286
280
286
288
288
293
290
290
297
294
287
288
296
290
289
287
287
291
295
282
283
284
289
291
289
289
291
294
298
296
288
290
295
299
295
289
292
301
288
297
304
300
294
302
299
294
291
295
297
301
299
293
292
295
304
296
298
291
294
302
304
300
295
296
299
303
301
295
301
311
304
303
305
303
307
315
304
298
294
304
298
300
304
299
299
302
298
303
301
301
299
299
300
293
295
290
292
302
297
307
309
307
304
307
309
306
303
310
302
310
307
305
303
301
299
304
296
299
303
310
307
298
298
304
307
301
299
308
303
306
305
303
292
299
302
306
300
295
299
300
307
296
298
300
301
296
299
293
297
299
305
292
291
294
298
299
291
294
291
294
295
298
293
300
304
300
303
304
296
294
290
299
298
297
295
293
303
304
299
297
295
310
313
301
300
298
298
298
300
292
295
297
305
301
298
298
302
303
309
308
302
295
298
306
299
298
297
296
291
300
297
293
291
300
300
298
295
296
297
299
299
301
294
295
296
297
298
292
296
295
306
295
293
291
292
292
289
294
290
287
299
294
295
291
295
295
296
293
291
298
303
302
297
297
294
300
305
298
296
300
297
301
302
303
302
298
298
296
295
299
299
299
297
297
297
307
325
314
313
328
283
277
320
320
299
291
299
298
297
298
299
307
307
299
310
305
304
305
299
301
302
304
311
309
296
295
303
307
293
291
292
295
302
298
295
293
302
300
301
299
297
297
305
313
300
296
297
304
308
304
301
301
299
301
304
295
292
293
291
299
293
292
292
296
296
292
296
294
296
300
299
301
291
297
308
305
297
299
299
298
301
298
305
290
295
290
299
284
290
291
294
290
289
291
291
291
291
287
287
295
307
304
296
294
293
303
307
303
294
299
301
303
298
299
294
299
295
299
295
303
307
314
310
314
311
306
310
311
315
314
316
316
315
307
306
295
309
311
320
321
320
323
323
318
307
309
314
316
312
310
319
313
319
320
312
311
317
314
319
314
314
311
316
315
310
308
310
310
310
323
331
319
313
321
319
312
311
306
315
315
308
306
310
311
314
311
319
314
311
312
316
309
311
308
310
317
315
310
310
311
315
316
330
323
319
320
322
315
312
314
309
313
319
323
315
307
319
321
315
319
317
317
317
323
324
319
313
310
319
319
320
318
341
339
339
321
333
340
362
338
323
316
315
312
351
322
315
315
309
331
337
311
315
325
327
341
323
314
315
314
319
312
310
335
353
355
352
320
322
336
328
320
314
313
317
322
318
313
312
319
323
311
312
314
329
324
321
316
317
319
323
323
330
338
337
327
324
329
327
320
331
331
319
328
346
348
333
323
319
317
320
320
325
322
323
324
333
331
321
320
325
323
315
315
319
317
316
320
321
326
322
314
328
325
318
316
316
320
322
315
318
315
315
317
318
322
321
325
328
323
326
319
323
323
322
323
323
322
330
321
331
327
327
320
337
332
323
325
324
330
324
326
327
327
328
323
325
331
328
328
316
314
321
320
328
319
320
326
326
320
318
319
327
330
334
323
332
329
323
319
326
320
318
322
331
335
343
347
329
327
332
321
321
327
334
327
328
318
323
335
333
327
325
326
344
338
329
329
341
330
328
325
321
317
327
330
315
316
315
315
322
326
320
319
318
319
325
315
321
320
319
319
324
318
316
308
332
330
320
324
327
322
327
318
321
323
325
325
325
326
323
323
334
324
317
323
325
326
324
322
324
325
324
330
323
324
321
328
340
336
326
328
331
338
331
332
327
332
328
333
323
330
320
323
336
328
325
332
342
344
337
330
322
317
321
333
327
318
315
337
343
334
323
330
332
319
328
319
325
312
324
327
323
324
321
318
328
329
325
331
331
328
352
331
322
323
324
332
323
333
331
330
331
324
333
336
327
325
325
326
322
316
317
323
323
325
319
322
331
340
333
327
320
322
329
320
325
319
321
331
324
317
321
322
329
320
338
333
319
322
323
321
315
315
322
320
331
324
322
326
325
328
331
317
321
321
331
328
323
331
338
335
324
316
325
339
324
323
335
333
321
320
320
315
314
315
317
327
325
317
319
313
322
315
317
314
308
317
324
315
315
312
321
320
315
309
324
334
329
317
335
328
325
325
320
319
315
322
328
321
318
319
303
317
319
319
315
324
329
331
328
315
316
323
324
314
312
321
337
333
319
311
323
319
320
312
317
317
319
322
324
316
314
319
327
320
314
316
321
327
319
323
316
319
315
322
322
322
319
326
339
337
335
331
336
335
322
319
319
337
340
327
315
319
325
331
326
319
316
324
328
323
317
318
321
328
321
319
331
328
327
335
335
317
325
339
330
320
321
323
327
319
331
317
323
325
328
337
325
321
328
331
327
321
315
327
334
323
323
327
339
328
315
323
323
342
330
329
332
329
327
331
326
323
315
319
311
316
315
310
310
309
312
314
329
307
304
291
285
281
281
286
293
298
287
295
291
289
307
320
311
321
326
347
323
304
289
291
25
23
20
19
18
15
12
13
14
16
13
14
14
15
19
16
15
17
21
18
23
25
25
28
27
27
24
25
27
24
25
22
23
19
18
19
19
26
29
27
42
44
47
46
47
55
52
53
51
53
55
56
59
56
60
61
60
63
71
63
59
66
67
59
61
65
65
56
61
61
59
59
63
64
59
63
62
59
63
65
65
67
68
73
67
71
74
67
70
70
63
69
67
68
66
71
65
68
67
70
67
67
67
67
55
64
61
57
59
67
66
59
58
61
55
46
47
46
48
49
55
59
58
55
55
54
55
53
52
51
52
55
56
51
52
52
53
52
51
50
48
54
54
52
49
51
50
49
50
51
52
51
51
54
55
53
52
51
53
48
51
51
46
46
40
43
41
43
39
43
42
37
37
39
40
42
42
40
43
43
43
39
43
43
45
48
46
49
45
41
46
47
45
43
41
41
40
38
38
39
38
41
38
37
35
41
43
39
42
45
41
41
47
43
45
43
45
53
43
46
46
48
45
46
48
43
40
42
43
43
43
43
45
44
45
36
43
46
51
49
48
47
51
47
46
48
50
47
45
49
47
45
46
47
48
51
48
43
47
46
43
41
50
41
44
49
51
48
47
45
51
48
47
51
50
49
50
45
51
49
50
46
53
51
51
51
51
51
51
50
46
46
46
44
44
47
44
43
47
42
43
45
43
43
43
47
48
49
47
47
46
47
45
47
44
46
48
43
45
43
46
43
43
44
46
46
47
50
52
48
49
48
51
53
52
50
55
55
51
51
49
47
47
47
46
49
48
45
47
47
48
48
50
46
48
46
47
48
51
49
44
52
49
47
48
51
44
48
47
48
47
43
44
43
51
45
42
48
45
45
44
45
46
46
46
45
48
52
51
52
51
47
47
47
47
43
43
48
46
46
44
45
47
45
48
50
44
51
50
51
52
51
51
49
51
57
44
49
47
47
46
46
52
47
48
46
48
46
50
47
47
51
47
45
45
53
51
54
57
53
57
52
53
49
51
51
48
51
53
55
54
54
55
56
55
53
52
56
53
58
58
54
55
54
53
56
55
56
55
54
51
51
51
51
47
50
49
51
47
49
50
51
51
54
52
56
58
59
66
59
55
60
56
62
55
55
51
55
53
54
51
49
51
51
49
49
51
51
55
51
52
52
51
50
53
52
56
54
59
58
56
53
51
51
50
46
49
49
46
43
46
46
48
48
45
47
51
54
53
53
52
54
55
58
54
56
57
56
55
53
56
53
51
51
50
51
51
53
51
51
52
53
52
51
55
55
60
56
53
52
61
63
54
50
49
52
58
61
72
66
72
69
66
66
67
68
66
65
63
64
66
67
67
68
68
64
64
66
67
255
254
258
261
252
237
229
230
227
231
238
243
245
244
241
239
231
240
246
246
240
229
229
249
255
261
296
251
213
199
199
195
182
194
239
254
263
292
283
187
140
111
106
105
142
197
202
239
337
416
269
138
110
134
148
154
160
192
233
227
221
246
230
179
170
178
188
202
229
273
299
326
307
248
246
306
297
311
327
321
354
460
462
482
508
525
449
344
286
285
270
292
344
350
357
310
293
291
290
286
255
266
246
239
244
267
261
243
249
262
255
272
302
373
387
368
310
236
212
273
275
262
281
355
520
534
495
431
307
222
187
179
247
258
255
298
340
486
522
423
336
255
232
239
234
244
269
307
322
329
370
335
337
269
209
201
203
220
255
307
377
511
495
428
335
215
179
182
227
249
233
251
321
449
530
542
409
272
185
177
199
235
226
260
378
486
548
524
423
288
185
147
144
141
159
204
307
383
372
360
309
249
180
156
175
193
190
215
274
379
440
399
347
274
195
171
167
176
175
221
319
402
402
383
375
281
193
155
151
171
179
216
319
401
435
430
346
233
171
147
141
159
179
242
292
383
421
379
310
204
162
164
176
182
204
265
351
406
394
341
271
173
146
146
155
173
198
231
258
275
316
295
251
197
199
220
243
224
175
152
143
122
113
125
169
189
200
194
176
135
132
146
124
155
210
215
211
239
214
166
133
121
118
91
76
95
123
175
231
271
223
132
77
80
83
78
107
123
153
171
163
157
143
112
91
96
90
83
106
149
200
243
271
222
179
146
135
118
107
97
101
123
160
163
168
148
127
99
98
120
99
101
127
157
174
186
176
154
118
255
254
258
261
252
237
229
230
227
231
238
243
245
244
241
239
231
240
246
246
240
229
229
249
255
261
296
251
213
199
199
195
182
194
239
254
263
292
283
187
140
111
106
105
142
197
202
239
337
416
269
138
110
134
148
154
160
192
233
227
221
246
230
179
170
178
188
202
229
273
299
326
307
248
246
306
297
311
327
321
354
460
462
482
508
525
449
344
286
285
270
292
344
350
357
310
293
291
290
286
255
266
246
239
244
267
261
243
249
262
255
272
302
373
387
368
310
236
212
273
275
262
281
355
520
534
495
431
307
222
187
179
247
258
255
298
340
486
522
423
336
255
232
239
234
244
269
307
322
329
370
335
337
269
209
201
203
220
255
307
377
511
495
428
335
215
179
182
227
249
233
251
321
449
530
542
409
272
185
177
199
235
226
260
378
486
548
524
423
288
185
147
144
141
159
204
307
383
372
360
309
249
180
156
175
193
190
215
274
379
440
399
347
274
195
171
167
176
175
221
319
402
402
383
375
281
193
155
151
171
179
216
319
401
435
430
346
233
171
147
141
159
179
242
292
383
421
379
310
204
162
164
176
182
204
265
351
406
394
341
271
173
146
146
155
173
198
231
258
275
316
295
251
197
199
220
243
224
175
152
143
122
113
125
169
189
200
194
176
135
132
146
124
155
210
215
211
239
214
166
133
121
118
91
76
95
123
175
231
271
223
132
77
80
83
78
107
123
153
171
163
157
143
112
91
96
90
83
106
149
200
243
271
222
179
146
135
118
107
97
101
123
160
163
168
148
127
99
98
120
99
101
127
157
174
186
176
154
118
107
94
103
108
119
131
144
188
195
195
184
164
144
143
145
150
153
175
212
240
227
186
193
259
313
338
337
360
382
349
304
272
264
287
342
380
381
388
371
318
267
235
239
267
331
376
415
414
427
394
314
264
248
252
283
324
352
364
383
396
381
357
323
283
262
266
277
302
322
360
379
392
383
351
295
275
265
271
288
312
350
374
391
391
360
302
251
241
244
243
266
323
373
393
389
371
317
267
246
243
259
288
327
366
382
382
372
353
296
259
254
249
282
337
365
388
391
380
320
272
247
248
271
309
346
368
383
399
391
347
285
251
249
249
272
312
333
396
414
423
394
328
273
249
245
259
286
319
363
393
406
408
375
325
272
265
263
267
283
311
356
393
415
417
379
315
258
254
254
266
280
314
339
371
387
382
339
288
255
255
258
267
282
312
366
382
383
375
323
267
254
247
243
263
286
328
367
393
392
355
297
270
262
255
259
281
322
378
394
403
393
339
286
261
251
242
250
287
324
370
375
389
368
315
286
265
254
247
255
285
323
367
377
353
303
263
254
254
250
254
288
327
358
374
371
347
287
249
241
230
230
253
291
307
326
351
373
378
308
254
243
245
243
253
287
309
339
355
370
367
307
271
267
260
250
254
270
310
353
361
370
341
296
262
264
266
264
234
225
228
263
315
365
363
353
346
313
271
251
232
229
254
301
354
376
364
367
345
289
251
221
215
227
263
305
338
357
355
342
304
264
236
219
220
237
279
312
354
353
347
331
283
234
207
210
208
235
270
311
341
339
344
320
285
257
227
217
216
230
259
283
321
333
339
316
268
239
230
226
233
242
279
321
352
363
369
327
277
255
246
244
227
235
260
299
351
359
348
323
287
258
229
214
205
214
261
307
337
333
335
315
274
246
233
217
204
211
253
309
355
347
352
335
296
255
229
220
223
233
266
299
333
347
349
327
283
247
228
221
219
233
255
299
332
335
336
327
290
250
224
213
210
216
235
283
331
343
357
342
307
266
243
240
239
251
281
312
344
353
352
325
271
242
225
219
220
237
283
331
346
348
335
287
246
227
219
206
212
243
299
330
338
333
303
264
235
216
211
207
229
259
291
327
339
336
309
255
227
211
207
217
236
268
309
336
340
332
286
243
227
219
219
223
243
283
329
354
349
343
298
238
209
203
202
219
259
305
359
362
359
358
300
246
223
214
230
267
316
374
388
403
409
369
289
216
200
232
245
252
279
334
352
363
341
268
225
226
236
237
243
274
334
371
383
362
313
272
249
231
227
230
254
300
338
352
363
337
293
262
228
215
216
239
267
312
335
340
356
332
291
250
227
232
235
249
283
327
352
359
362
331
281
245
231
219
212
227
270
335
349
357
347
315
246
226
212
207
224
255
292
337
343
353
346
289
248
227
213
211
235
264
297
321
321
330
308
253
211
196
195
213
242
275
312
340
354
349
308
260
232
232
231
249
273
311
341
352
367
347
299
257
235
224
222
243
275
315
355
355
348
308
273
230
216
210
218
237
270
324
344
352
347
305
270
237
216
207
224
267
315
367
387
407
424
398
369
335
341
339
