131
113
153
165
134
117
115
177
175
139
127
135
167
161
139
124
120
124
197
160
125
126
112
140
135
131
121
114
139
132
121
119
124
125
125
137
112
134
142
127
122
123
120
127
147
133
126
124
116
115
123
134
144
131
132
131
125
125
120
113
115
121
109
104
116
122
123
119
135
119
118
111
118
124
126
115
114
121
123
135
118
121
119
119
116
122
124
115
117
119
119
119
108
121
115
116
123
127
138
137
148
159
160
163
171
176
169
167
167
166
168
167
168
163
163
162
169
148
161
161
158
171
170
163
164
169
179
176
176
180
177
177
186
175
171
171
171
173
177
177
171
171
162
175
171
175
174
175
174
173
172
167
167
176
171
174
174
176
173
178
174
173
171
180
171
168
167
173
179
179
182
171
173
179
167
173
178
171
170
175
163
172
177
167
171
181
176
171
177
174
167
171
172
173
180
180
177
169
178
175
171
183
178
171
174
174
173
174
185
173
171
177
168
161
163
176
174
167
174
173
179
173
166
195
181
171
172
175
174
173
174
188
187
174
180
173
180
201
186
187
179
177
174
171
184
179
170
169
172
170
170
181
202
181
176
179
176
172
183
173
175
180
180
178
173
177
181
178
186
178
172
168
172
175
169
172
175
178
175
175
175
177
175
179
175
177
173
174
180
176
182
180
179
175
173
175
174
175
177
185
169
168
178
172
176
179
171
172
170
195
182
170
170
171
177
179
164
168
171
172
170
175
175
172
173
181
177
178
174
169
171
172
173
170
167
168
187
174
164
163
169
173
176
175
168
168
165
160
165
183
175
171
162
159
163
148
166
155
157
164
159
160
168
166
164
163
156
155
157
163
164
167
161
166
171
169
163
160
163
164
161
160
169
166
166
163
174
170
149
159
152
158
162
152
155
163
162
157
171
167
169
167
163
165
169
170
168
170
163
160
168
161
169
173
163
163
162
162
148
158
160
158
159
160
164
161
151
160
167
163
155
166
177
159
172
167
167
164
167
167
165
164
164
147
159
164
170
171
168
167
165
161
163
173
167
168
167
169
165
171
171
164
168
167
164
173
171
187
179
176
175
179
183
178
179
174
174
174
171
178
174
176
176
176
180
186
181
176
171
178
178
177
184
183
175
178
178
179
173
174
181
180
168
175
179
172
182
191
176
173
179
180
177
183
179
179
187
184
179
176
175
182
188
177
179
180
179
184
179
183
181
178
179
176
178
181
184
175
177
176
183
182
181
172
173
170
171
177
187
168
173
178
174
178
190
171
170
171
169
175
179
181
178
162
170
171
162
169
171
163
164
171
168
157
162
166
169
171
171
167
160
159
163
162
160
173
166
163
165
171
163
164
160
156
159
169
163
172
165
170
169
173
167
168
163
172
168
164
164
171
171
170
164
169
167
171
166
177
164
167
171
162
190
174
171
167
167
177
177
168
169
163
169
172
172
164
167
179
181
161
164
165
179
173
163
167
169
189
173
172
173
169
171
169
160
163
167
166
172
166
159
168
162
165
168
166
163
159
165
164
165
163
172
171
171
168
162
166
164
168
168
165
172
164
165
181
165
162
160
166
163
163
156
165
163
161
163
161
155
159
164
163
164
176
170
159
161
157
163
162
164
169
168
165
161
173
162
165
164
164
165
167
155
163
163
166
164
174
164
165
168
166
163
163
171
170
162
167
170
170
178
174
172
171
171
171
168
171
170
162
170
165
168
166
164
155
164
166
183
169
165
165
168
163
187
175
169
176
165
166
174
175
170
168
167
166
168
169
178
173
168
170
162
166
169
170
168
169
164
166
171
172
166
170
164
165
167
168
168
171
170
163
165
178
167
159
167
164
163
168
172
170
173
172
167
169
160
172
166
167
170
166
172
159
163
157
154
154
159
151
155
155
153
155
166
144
139
135
123
142
143
156
153
155
167
150
147
147
155
154
144
140
134
124
171
151
131
119
116
137
127
122
116
115
141
123
123
121
118
123
112
110
113
115
118
115
111
101
111
114
118
116
114
107
107
108
100
103
102
98
111
106
109
106
127
119
123
112
119
122
114
115
119
123
124
115
99
111
123
127
124
116
110
113
123
123
131
149
153
164
173
175
204
195
187
186
178
178
183
185
186
183
187
193
184
181
183
179
187
183
179
185
179
184
188
187
186
180
174
188
183
173
175
173
165
167
170
164
169
161
155
160
162
161
166
153
156
154
155
152
159
154
152
158
160
155
146
159
161
156
180
163
157
161
157
171
161
153
160
153
179
164
153
150
154
179
167
151
161
158
159
171
161
157
156
157
154
155
155
155
163
170
159
151
153
153
152
159
153
151
147
149
157
153
155
151
162
153
150
150
155
147
148
155
147
141
147
144
150
144
145
149
148
155
151
156
157
155
162
157
155
175
164
175
167
179
173
184
195
190
191
190
196
193
195
194
186
194
192
200
195
190
195
193
193
192
188
188
199
191
193
189
200
203
187
189
189
187
194
192
187
187
187
192
193
206
196
188
187
191
180
189
184
191
188
187
193
189
191
185
188
194
187
167
179
186
192
191
213
206
191
181
190
194
192
190
191
182
187
194
190
186
183
203
191
183
179
191
187
189
180
182
179
187
186
173
175
176
191
191
189
186
183
195
187
179
178
175
198
195
185
177
185
187
183
181
199
203
185
182
179
215
187
188
187
183
180
188
187
176
183
199
187
172
179
184
210
191
195
191
188
203
195
185
184
183
189
185
187
190
201
195
190
183
184
183
175
187
187
211
200
187
169
200
187
179
174
165
168
173
172
165
179
178
175
176
172
189
174
184
179
190
183
183
184
177
179
191
189
188
183
172
187
170
165
171
170
179
187
179
179
173
179
202
179
175
168
171
194
175
179
174
170
168
176
176
186
179
179
185
179
172
174
171
170
174
179
176
174
164
179
181
171
180
185
176
172
180
179
190
183
195
179
191
184
185
172
179
184
185
180
179
178
189
196
180
175
177
179
191
185
183
175
191
179
184
181
179
191
187
179
179
188
181
181
175
179
172
183
173
174
179
179
176
178
176
180
178
184
179
192
177
165
179
178
185
184
176
179
180
180
179
185
183
171
172
181
180
177
176
177
175
171
170
185
182
176
179
174
177
178
179
187
183
183
183
194
193
194
184
178
181
177
178
182
176
188
195
180
186
179
182
180
182
183
187
184
189
180
180
175
183
168
136
134
131
131
127
132
136
142
134
138
124
125
122
125
132
134
120
120
118
136
131
137
127
125
115
112
124
120
119
114
115
115
115
119
122
133
143
155
148
146
144
131
135
139
145
154
170
169
159
150
141
135
131
139
131
122
131
138
146
205
173
166
159
160
151
163
160
158
159
151
148
144
144
139
